Sm8	Qv5	Ie6	Rz6	Bi10	Rn9	Ai10	Bm7	Ed8	Ph7	Gq10	Lm8	Lo9	Ik6	Cl13	Pt8	Tr13	Tm13	Gu10	Iv8	Fn14	DV2J	Pz13	Cv9	Wm14	Qt8	Ss10	Yz6	Ht8	Sd4	Mo	JVA	Gl11	Je11	Kk13	Bw12	Vt12	Mi12	Ga13	Yr14	Fy11	Ta11	Mg12	Nn10	Dj15	Fw12	Cg16	Et12	Az15
Sm8	1	0.003	0.002	0.005	0.043	0.002	0.067	0.003	0.43	0.003	0.004	0.006	0.238	0.012	0.002	0.002	0.002	0.004	0.003	0.003	0.003	0.002	0.488	0.003	0.002	0.003	0.007	0.002	0.002	0.002	0.004	0.003	0.002	0.003	0.003	0.002	0.004	0.002	0.004	0.007	0.002	0.002	0.002	0.003	0.003	0.004	0.002	0.003	0.002
Qv5	0.003	1	0.005	0.064	0.004	0.003	0.002	0.008	0.003	0.009	0.102	0.003	0.003	0.006	0.002	0.003	0.004	0.003	0.124	0.005	0.005	0.003	0.017	0.004	0.037	0.004	0.003	0.025	0.002	0.004	0.004	0.003	0.002	0.003	0.005	0.006	0.028	0.002	0.004	0.004	0.006	0.009	0.002	0.002	0.04	0.002	0.003	0.004	0.007
Ie6	0.002	0.005	1	0.006	0.012	0.004	0.003	0.018	0.003	0.189	0.006	0.003	0.006	0.003	0.005	0.003	0.002	0.003	0.013	0.003	0.029	0.004	0.033	0.003	0.003	0.004	0.007	0.037	0.002	0.004	0.005	0.002	0.003	0.004	0.003	0.012	0.003	0.003	0.004	0.006	0.014	0.008	0.002	0.005	0.003	0.006	0.003	0.007	0.005
Rz6	0.005	0.064	0.006	1	0.006	0.003	0.001	0.007	0.006	0.003	0.1	0.002	0.004	0.004	0.002	0.003	0.002	0.017	0.018	0.006	0.168	0.004	0.004	0.013	0.016	0.003	0.006	0.016	0.002	0.003	0.003	0.002	0.002	0.002	0.003	0.006	0.007	0.002	0.003	0.005	0.003	0.003	0.002	0.004	0.003	0.004	0.012	0.003	0.008
Bi10	0.043	0.004	0.012	0.006	1	0.006	0.013	0.006	0.193	0.006	0.003	0.006	0.248	0.002	0.005	0.003	0.004	0.017	0.032	0.007	0.005	0.002	0.004	0.002	0.005	0.002	0.004	0.006	0.003	0.008	0.004	0.004	0.002	0.019	0.003	0.01	0.006	0.003	0.004	0.018	0.006	0.006	0.003	0.002	0.002	0.003	0.004	0.018	0.004
Rn9	0.002	0.003	0.004	0.003	0.006	1	0.004	0.003	0.002	0.025	0.001	0.006	0.006	0.007	0.079	0.124	0.029	0.002	0.007	0.003	0.002	0.003	0.003	0.002	0.002	0.03	0.004	0.001	0.144	0.047	0.004	0.004	0.223	0.003	0.006	0.002	0.002	0.003	0.052	0.004	0.003	0.003	0.073	0.005	0.002	0.002	0.003	0.003	0.011
Ai10	0.067	0.002	0.003	0.001	0.013	0.004	1	0.004	0.016	0.003	0.002	0.003	0.1	0.002	0.002	0.002	0.002	0.003	0.002	0.002	0.003	0.001	0.009	0.001	0.003	0.002	0.002	0.002	0.002	0.001	0.003	0.002	0.002	0.002	0.003	0.002	0.002	0.002	0.002	0.003	0.002	0.002	0.002	0.002	0.003	0.093	0.009	0.002	0.002
Bm7	0.003	0.008	0.018	0.007	0.006	0.003	0.004	1	0.002	0.015	0.019	0.008	0.006	0.002	0.004	0.004	0.003	0.003	0.006	0.013	0.008	0.003	0.003	0.002	0.01	0.004	0.004	0.032	0.003	0.002	0.004	0.005	0.002	0.005	0.014	0.006	0.003	0.005	0.003	0.005	0.052	0.009	0.003	0.004	0.002	0.003	0.002	0.009	0.007
Ed8	0.43	0.003	0.003	0.006	0.193	0.002	0.016	0.002	1	0.007	0.002	0.006	0.102	0.007	0.002	0.002	0.002	0.013	0.002	0.007	0.003	0.002	0.166	0.002	0.003	0.003	0.004	0.002	0.002	0.003	0.003	0.002	0.002	0.003	0.003	0.008	0.004	0.002	0.005	0.005	0.002	0.002	0.002	0.002	0.003	0.005	0.003	0.004	0.004
Ph7	0.003	0.009	0.189	0.003	0.006	0.025	0.003	0.015	0.007	1	0.004	0.007	0.008	0.004	0.014	0.005	0.007	0.003	0.018	0.002	0.031	0.002	0.057	0.002	0.002	0.023	0.004	0.003	0.005	0.081	0.003	0.002	0.004	0.013	0.003	0.004	0.003	0.002	0.048	0.005	0.006	0.006	0.004	0.005	0.003	0.004	0.005	0.002	0.002
Gq10	0.004	0.102	0.006	0.1	0.003	0.001	0.002	0.019	0.002	0.004	1	0.002	0.003	0.004	0.002	0.002	0.002	0.003	0.068	0.006	0.093	0.004	0.007	0.01	0.456	0.002	0.003	0.016	0.002	0.002	0.002	0.003	0.001	0.003	0.003	0.003	0.01	0.016	0.003	0.007	0.004	0.004	0.002	0.002	0.005	0.002	0.002	0.002	0.003
Lm8	0.006	0.003	0.003	0.002	0.006	0.006	0.003	0.008	0.006	0.007	0.002	1	0.004	0.118	0.021	0.012	0.003	0.004	0.003	0.002	0.003	0.002	0.003	0.003	0.003	0.004	0.035	0.003	0.004	0.008	0.004	0.002	0.002	0.002	0.003	0.002	0.004	0.003	0.145	0.002	0.042	0.012	0.015	0.015	0.003	0.003	0.003	0.002	0.003
Lo9	0.238	0.003	0.006	0.004	0.248	0.006	0.1	0.006	0.102	0.008	0.003	0.004	1	0.002	0.003	0.004	0.002	0.004	0.008	0.003	0.003	0.002	0.07	0.002	0.004	0.004	0.002	0.002	0.002	0.005	0.004	0.003	0.002	0.006	0.003	0.003	0.004	0.002	0.004	0.014	0.003	0.003	0.002	0.008	0.003	0.004	0.02	0.003	0.002
Ik6	0.012	0.006	0.003	0.004	0.002	0.007	0.002	0.002	0.007	0.004	0.004	0.118	0.002	1	0.003	0.004	0.003	0.006	0.003	0.005	0.002	0.006	0.015	0.015	0.003	0.008	0.002	0.002	0.003	0.006	0.003	0.002	0.002	0.002	0.004	0.002	0.004	0.002	0.035	0.002	0.003	0.003	0.003	0.007	0.002	0.003	0.012	0.002	0.003
Cl13	0.002	0.002	0.005	0.002	0.005	0.079	0.002	0.004	0.002	0.014	0.002	0.021	0.003	0.003	1	0.084	0.264	0.004	0.005	0.004	0.004	0.003	0.003	0.002	0.002	0.104	0.004	0.001	0.125	0.029	0.002	0.002	0.082	0.002	0.002	0.004	0.002	0.002	0.042	0.002	0.004	0.008	0.217	0.005	0.003	0.002	0.007	0.003	0.003
Pt8	0.002	0.003	0.003	0.003	0.003	0.124	0.002	0.004	0.002	0.005	0.002	0.012	0.004	0.004	0.084	1	0.107	0.004	0.002	0.005	0.008	0.002	0.002	0.001	0.002	0.007	0.014	0.002	0.238	0.02	0.004	0.005	0.175	0.002	0.003	0.005	0.002	0.002	0.007	0.003	0.002	0.003	0.147	0.005	0.002	0.003	0.004	0.003	0.006
Tr13	0.002	0.004	0.002	0.002	0.004	0.029	0.002	0.003	0.002	0.007	0.002	0.003	0.002	0.003	0.264	0.107	1	0.004	0.003	0.003	0.004	0.002	0.002	0.003	0.002	0.034	0.003	0.001	0.075	0.026	0.002	0.004	0.054	0.003	0.002	0.003	0.001	0.002	0.024	0.006	0.003	0.003	0.259	0.005	0.003	0.002	0.008	0.003	0.004
Tm13	0.004	0.003	0.003	0.017	0.017	0.002	0.003	0.003	0.013	0.003	0.003	0.004	0.004	0.006	0.004	0.004	0.004	1	0.002	0.025	0.009	0.005	0.002	0.002	0.003	0.003	0.003	0.002	0.002	0.002	0.008	0.005	0.002	0.002	0.003	0.169	0.003	0.002	0.004	0.003	0.002	0.002	0.002	0.02	0.005	0.005	0.009	0.241	0.003
Gu10	0.003	0.124	0.013	0.018	0.032	0.007	0.002	0.006	0.002	0.018	0.068	0.003	0.008	0.003	0.005	0.002	0.003	0.002	1	0.008	0.005	0.004	0.004	0.014	0.005	0.002	0.003	0.017	0.003	0.004	0.004	0.004	0.008	0.003	0.007	0.004	0.007	0.002	0.004	0.003	0.002	0.005	0.004	0.003	0.013	0.006	0.002	0.002	0.006
Iv8	0.003	0.005	0.003	0.006	0.007	0.003	0.002	0.013	0.007	0.002	0.006	0.002	0.003	0.005	0.004	0.005	0.003	0.025	0.008	1	0.008	0.003	0.003	0.002	0.003	0.004	0.002	0.002	0.002	0.002	0.003	0.013	0.002	0.018	0.009	0.004	0.003	0.002	0.002	0.013	0.002	0.002	0.003	0.006	0.008	0.003	0.003	0.008	0.008
Fn14	0.003	0.005	0.029	0.168	0.005	0.002	0.003	0.008	0.003	0.031	0.093	0.003	0.003	0.002	0.004	0.008	0.004	0.009	0.005	0.008	1	0.003	0.003	0.002	0.029	0.009	0.005	0.006	0.003	0.003	0.004	0.007	0.002	0.01	0.004	0.144	0.002	0.003	0.004	0.008	0.002	0.009	0.003	0.003	0.005	0.011	0.003	0.005	0.004
DV2J	0.002	0.003	0.004	0.004	0.002	0.003	0.001	0.003	0.002	0.002	0.004	0.002	0.002	0.006	0.003	0.002	0.002	0.005	0.004	0.003	0.003	1	0.002	0.011	0.002	0.001	0.002	0.001	0.002	0.002	0.006	0.004	0.002	0.003	0.002	0.002	0.003	0.006	0.003	0.002	0.001	0.002	0.002	0.002	0.002	0.003	0.008	0.002	0.002
Pz13	0.488	0.017	0.033	0.004	0.004	0.003	0.009	0.003	0.166	0.057	0.007	0.003	0.07	0.015	0.003	0.002	0.002	0.002	0.004	0.003	0.003	0.002	1	0.003	0.003	0.004	0.004	0.004	0.002	0.002	0.003	0.002	0.003	0.004	0.007	0.004	0.004	0.002	0.008	0.005	0.002	0.005	0.003	0.005	0.006	0.02	0.004	0.003	0.003
Cv9	0.003	0.004	0.003	0.013	0.002	0.002	0.001	0.002	0.002	0.002	0.01	0.003	0.002	0.015	0.002	0.001	0.003	0.002	0.014	0.002	0.002	0.011	0.003	1	0.004	0.002	0.002	0.003	0.002	0.002	0.003	0.002	0.001	0.003	0.002	0.003	0.047	0.096	0.002	0.003	0.005	0.004	0.002	0.004	0.002	0.002	0.006	0.002	0.002
Wm14	0.002	0.037	0.003	0.016	0.005	0.002	0.003	0.01	0.003	0.002	0.456	0.003	0.004	0.003	0.002	0.002	0.002	0.003	0.005	0.003	0.029	0.002	0.003	0.004	1	0.002	0.003	0.025	0.002	0.003	0.004	0.004	0.002	0.005	0.008	0.003	0.004	0.004	0.002	0.004	0.003	0.003	0.002	0.002	0.005	0.006	0.002	0.005	0.002
Qt8	0.003	0.004	0.004	0.003	0.002	0.03	0.002	0.004	0.003	0.023	0.002	0.004	0.004	0.008	0.104	0.007	0.034	0.003	0.002	0.004	0.009	0.001	0.004	0.002	0.002	1	0.011	0.004	0.016	0.023	0.003	0.002	0.014	0.005	0.004	0.003	0.002	0.002	0.018	0.003	0.007	0.028	0.081	0.005	0.003	0.003	0.002	0.019	0.002
Ss10	0.007	0.003	0.007	0.006	0.004	0.004	0.002	0.004	0.004	0.004	0.003	0.035	0.002	0.002	0.004	0.014	0.003	0.003	0.003	0.002	0.005	0.002	0.004	0.002	0.003	0.011	1	0.099	0.017	0.005	0.004	0.004	0.005	0.005	0.005	0.006	0.004	0.002	0.174	0.008	0.071	0.037	0.003	0.021	0.002	0.004	0.005	0.003	0.144
Yz6	0.002	0.025	0.037	0.016	0.006	0.001	0.002	0.032	0.002	0.003	0.016	0.003	0.002	0.002	0.001	0.002	0.001	0.002	0.017	0.002	0.006	0.001	0.004	0.003	0.025	0.004	0.099	1	0.002	0.004	0.005	0.003	0.002	0.004	0.007	0.003	0.013	0.004	0.002	0.003	0.231	0.302	0.002	0.002	0.003	0.004	0.003	0.003	0.062
Ht8	0.002	0.002	0.002	0.002	0.003	0.144	0.002	0.003	0.002	0.005	0.002	0.004	0.002	0.003	0.125	0.238	0.075	0.002	0.003	0.002	0.003	0.002	0.002	0.002	0.002	0.016	0.017	0.002	1	0.023	0.003	0.002	0.102	0.003	0.005	0.003	0.002	0.002	0.029	0.003	0.004	0.005	0.476	0.012	0.002	0.002	0.002	0.003	0.004
Sd4	0.002	0.004	0.004	0.003	0.008	0.047	0.001	0.002	0.003	0.081	0.002	0.008	0.005	0.006	0.029	0.02	0.026	0.002	0.004	0.002	0.003	0.002	0.002	0.002	0.003	0.023	0.005	0.004	0.023	1	0.003	0.003	0.01	0.033	0.005	0.003	0.002	0.002	0.01	0.009	0.013	0.009	0.035	0.003	0.002	0.009	0.003	0.004	0.009
Mo	0.004	0.004	0.005	0.003	0.004	0.004	0.003	0.004	0.003	0.003	0.002	0.004	0.004	0.003	0.002	0.004	0.002	0.008	0.004	0.003	0.004	0.006	0.003	0.003	0.004	0.003	0.004	0.005	0.003	0.003	1	0.012	0.002	0.007	0.007	0.003	0.004	0.003	0.002	0.006	0.003	0.004	0.002	0.002	0.003	0.005	0.002	0.007	0.018
JVA	0.003	0.003	0.002	0.002	0.004	0.004	0.002	0.005	0.002	0.002	0.003	0.002	0.003	0.002	0.002	0.005	0.004	0.005	0.004	0.013	0.007	0.004	0.002	0.002	0.004	0.002	0.004	0.003	0.002	0.003	0.012	1	0.004	0.01	0.01	0.008	0.003	0.002	0.005	0.01	0.002	0.003	0.002	0.004	0.002	0.002	0.004	0.003	0.008
Gl11	0.002	0.002	0.003	0.002	0.002	0.223	0.002	0.002	0.002	0.004	0.001	0.002	0.002	0.002	0.082	0.175	0.054	0.002	0.008	0.002	0.002	0.002	0.003	0.001	0.002	0.014	0.005	0.002	0.102	0.01	0.002	0.004	1	0.003	0.005	0.002	0.002	0.002	0.02	0.003	0.004	0.002	0.031	0.002	0.002	0.002	0.005	0.003	0.003
Je11	0.003	0.003	0.004	0.002	0.019	0.003	0.002	0.005	0.003	0.013	0.003	0.002	0.006	0.002	0.002	0.002	0.003	0.002	0.003	0.018	0.01	0.003	0.004	0.003	0.005	0.005	0.005	0.004	0.003	0.033	0.007	0.01	0.003	1	0.007	0.004	0.007	0.003	0.002	0.006	0.003	0.003	0.003	0.207	0.036	0.003	0.006	0.005	0.009
Kk13	0.003	0.005	0.003	0.003	0.003	0.006	0.003	0.014	0.003	0.003	0.003	0.003	0.003	0.004	0.002	0.003	0.002	0.003	0.007	0.009	0.004	0.002	0.007	0.002	0.008	0.004	0.005	0.007	0.005	0.005	0.007	0.01	0.005	0.007	1	0.006	0.004	0.003	0.005	0.006	0.031	0.005	0.003	0.004	0.03	0.004	0.004	0.005	0.003
Bw12	0.002	0.006	0.012	0.006	0.01	0.002	0.002	0.006	0.008	0.004	0.003	0.002	0.003	0.002	0.004	0.005	0.003	0.169	0.004	0.004	0.144	0.002	0.004	0.003	0.003	0.003	0.006	0.003	0.003	0.003	0.003	0.008	0.002	0.004	0.006	1	0.004	0.002	0.004	0.005	0.004	0.002	0.003	0.003	0.004	0.003	0.003	0.312	0.003
Vt12	0.004	0.028	0.003	0.007	0.006	0.002	0.002	0.003	0.004	0.003	0.01	0.004	0.004	0.004	0.002	0.002	0.001	0.003	0.007	0.003	0.002	0.003	0.004	0.047	0.004	0.002	0.004	0.013	0.002	0.002	0.004	0.003	0.002	0.007	0.004	0.004	1	0.041	0.002	0.003	0.004	0.011	0.002	0.003	0.004	0.003	0.007	0.002	0.004
Mi12	0.002	0.002	0.003	0.002	0.003	0.003	0.002	0.005	0.002	0.002	0.016	0.003	0.002	0.002	0.002	0.002	0.002	0.002	0.002	0.002	0.003	0.006	0.002	0.096	0.004	0.002	0.002	0.004	0.002	0.002	0.003	0.002	0.002	0.003	0.003	0.002	0.041	1	0.002	0.005	0.003	0.006	0.002	0.003	0.003	0.003	0.003	0.002	0.003
Ga13	0.004	0.004	0.004	0.003	0.004	0.052	0.002	0.003	0.005	0.048	0.003	0.145	0.004	0.035	0.042	0.007	0.024	0.004	0.004	0.002	0.004	0.003	0.008	0.002	0.002	0.018	0.174	0.002	0.029	0.01	0.002	0.005	0.02	0.002	0.005	0.004	0.002	0.002	1	0.003	0.045	0.003	0.011	0.009	0.003	0.003	0.003	0.002	0.002
Yr14	0.007	0.004	0.006	0.005	0.018	0.004	0.003	0.005	0.005	0.005	0.007	0.002	0.014	0.002	0.002	0.003	0.006	0.003	0.003	0.013	0.008	0.002	0.005	0.003	0.004	0.003	0.008	0.003	0.003	0.009	0.006	0.01	0.003	0.006	0.006	0.005	0.003	0.005	0.003	1	0.004	0.005	0.008	0.003	0.005	0.005	0.004	0.005	0.004
Fy11	0.002	0.006	0.014	0.003	0.006	0.003	0.002	0.052	0.002	0.006	0.004	0.042	0.003	0.003	0.004	0.002	0.003	0.002	0.002	0.002	0.002	0.001	0.002	0.005	0.003	0.007	0.071	0.231	0.004	0.013	0.003	0.002	0.004	0.003	0.031	0.004	0.004	0.003	0.045	0.004	1	0.103	0.005	0.019	0.003	0.019	0.004	0.006	0.009
Ta11	0.002	0.009	0.008	0.003	0.006	0.003	0.002	0.009	0.002	0.006	0.004	0.012	0.003	0.003	0.008	0.003	0.003	0.002	0.005	0.002	0.009	0.002	0.005	0.004	0.003	0.028	0.037	0.302	0.005	0.009	0.004	0.003	0.002	0.003	0.005	0.002	0.011	0.006	0.003	0.005	0.103	1	0.017	0.003	0.003	0.002	0.004	0.002	0.079
Mg12	0.002	0.002	0.002	0.002	0.003	0.073	0.002	0.003	0.002	0.004	0.002	0.015	0.002	0.003	0.217	0.147	0.259	0.002	0.004	0.003	0.003	0.002	0.003	0.002	0.002	0.081	0.003	0.002	0.476	0.035	0.002	0.002	0.031	0.003	0.003	0.003	0.002	0.002	0.011	0.008	0.005	0.017	1	0.004	0.003	0.002	0.002	0.003	0.003
Nn10	0.003	0.002	0.005	0.004	0.002	0.005	0.002	0.004	0.002	0.005	0.002	0.015	0.008	0.007	0.005	0.005	0.005	0.02	0.003	0.006	0.003	0.002	0.005	0.004	0.002	0.005	0.021	0.002	0.012	0.003	0.002	0.004	0.002	0.207	0.004	0.003	0.003	0.003	0.009	0.003	0.019	0.003	0.004	1	0.043	0.003	0.011	0.004	0.003
Dj15	0.003	0.04	0.003	0.003	0.002	0.002	0.003	0.002	0.003	0.003	0.005	0.003	0.003	0.002	0.003	0.002	0.003	0.005	0.013	0.008	0.005	0.002	0.006	0.002	0.005	0.003	0.002	0.003	0.002	0.002	0.003	0.002	0.002	0.036	0.03	0.004	0.004	0.003	0.003	0.005	0.003	0.003	0.003	0.043	1	0.002	0.008	0.004	0.004
Fw12	0.004	0.002	0.006	0.004	0.003	0.002	0.093	0.003	0.005	0.004	0.002	0.003	0.004	0.003	0.002	0.003	0.002	0.005	0.006	0.003	0.011	0.003	0.02	0.002	0.006	0.003	0.004	0.004	0.002	0.009	0.005	0.002	0.002	0.003	0.004	0.003	0.003	0.003	0.003	0.005	0.019	0.002	0.002	0.003	0.002	1	0.006	0.003	0.002
Cg16	0.002	0.003	0.003	0.012	0.004	0.003	0.009	0.002	0.003	0.005	0.002	0.003	0.02	0.012	0.007	0.004	0.008	0.009	0.002	0.003	0.003	0.008	0.004	0.006	0.002	0.002	0.005	0.003	0.002	0.003	0.002	0.004	0.005	0.006	0.004	0.003	0.007	0.003	0.003	0.004	0.004	0.004	0.002	0.011	0.008	0.006	1	0.007	0.058
Et12	0.003	0.004	0.007	0.003	0.018	0.003	0.002	0.009	0.004	0.002	0.002	0.002	0.003	0.002	0.003	0.003	0.003	0.241	0.002	0.008	0.005	0.002	0.003	0.002	0.005	0.019	0.003	0.003	0.003	0.004	0.007	0.003	0.003	0.005	0.005	0.312	0.002	0.002	0.002	0.005	0.006	0.002	0.003	0.004	0.004	0.003	0.007	1	0.004
Az15	0.002	0.007	0.005	0.008	0.004	0.011	0.002	0.007	0.004	0.002	0.003	0.003	0.002	0.003	0.003	0.006	0.004	0.003	0.006	0.008	0.004	0.002	0.003	0.002	0.002	0.002	0.144	0.062	0.004	0.009	0.018	0.008	0.003	0.009	0.003	0.003	0.004	0.003	0.002	0.004	0.009	0.079	0.003	0.003	0.004	0.002	0.058	0.004	1
